1167800400, 9.99863, 9.99403, 9.99986, 70.0075
1167886800, 9.89065, 10.2006, 10.0061, 69.9027
1167973200, 9.91473, 10.1424, 9.94044, 70.0025
1168232400, 10.1145, 10.159, 9.95365, 69.7728
1168318800, 10.0462, 10.9099, 9.86109, 69.1828
1168405200, 10.168, 11.3465, 9.81997, 68.6655
1168491600, 10.3432, 11.1964, 9.85443, 68.6059
1168578000, 10.4421, 11.0541, 9.92533, 68.5785
1168923600, 10.3965, 11.3154, 9.88114, 68.4069
1169010000, 10.4064, 11.0942, 9.91145, 68.588
1169096400, 10.3254, 10.501, 9.96724, 69.2063
1169182800, 10.3573, 10.4356, 9.98858, 69.2185
1169442000, 10.4998, 10.2443, 9.96782, 69.2881
1169528400, 10.4957, 10.1273, 10.0088, 69.3682
1169614800, 10.8027, 10.1877, 10.0325, 68.9771
1169701200, 10.5118, 10.1874, 9.96611, 69.3347
1169787600, 10.5426, 10.0938, 9.96604, 69.3976
1170046800, 10.4275, 10.1662, 9.9665, 69.4399
1170133200, 10.3267, 10.1307, 10.029, 69.5135
1170219600, 10.4671, 10.1261, 10.0707, 69.336
1170306000, 10.466, 10.0157, 10.1375, 69.3808
1170392400, 10.5276, 10.0083, 10.1428, 69.3214
1170651600, 10.4985, 9.92614, 10.1594, 69.4159
1170738000, 10.5883, 9.93792, 10.1489, 69.3249
1170824400, 10.5125, 10.1534, 10.1506, 69.1835
1170910800, 10.529, 10.1561, 10.1366, 69.1783
1170997200, 10.5458, 9.85746, 10.1064, 69.4903
1171256400, 10.4343, 10.043, 10.067, 69.4557
1171342800, 10.4895, 10.0085, 10.1385, 69.3635
1171429200, 10.6895, 10.0414, 10.1666, 69.1024
1171515600, 10.6638, 10.0334, 10.1825, 69.1203
1171602000, 10.6734, 9.99313, 10.1822, 69.1512
1171947600, 10.8338, 10.0843, 10.1687, 68.9131
1172034000, 10.758, 10.4358, 10.1296, 68.6765
1172120400, 10.7035, 10.4751, 10.1249, 68.6965
1172206800, 10.6052, 10.4457, 10.1068, 68.8423
1172466000, 10.5034, 10.4006, 10.1177, 68.9783
1172552400, 9.79798, 10.0449, 9.90244, 70.2547
1172638800, 10.0382, 10.0789, 9.95711, 69.9258
1172725200, 9.91853, 10.3543, 9.91176, 69.8154
1172811600, 9.77155, 10.2116, 9.83352, 70.1833
1173070800, 9.51389, 10.3482, 9.76608, 70.3719
1173157200, 9.80835, 10.4926, 9.85822, 69.8409
1173243600, 9.73491, 10.4528, 9.86356, 69.9488
1173330000, 9.91837, 10.4513, 9.91391, 69.7164
1173416400, 9.99702, 10.4387, 9.90815, 69.6561
1173675600, 10.0131, 10.6339, 9.89475, 69.4583
1173762000, 9.89034, 10.517, 9.75539, 69.8373
1173848400, 9.9144, 10.6733, 9.79685, 69.6154
1173934800, 9.95115, 10.6224, 9.81031, 69.6161
1174021200, 9.87307, 10.6416, 9.75955, 69.7258
1174280400, 9.99663, 10.7737, 9.83088, 69.3988
1174366800, 10.0563, 10.7965, 9.86786, 69.2793
1174453200, 10.3177, 10.992, 9.95193, 68.7383
1174539600, 10.2792, 11.0069, 9.94823, 68.7656
1174626000, 10.3625, 10.9497, 9.95768, 68.7301
1174885200, 10.3286, 11.1944, 9.91951, 68.5575
1174971600, 10.2543, 11.1667, 9.9118, 68.6672
1175058000, 10.1514, 10.96, 9.88748, 69.0011
1175144400, 10.1637, 11.0098, 9.88884, 68.9376
1175230800, 10.1484, 10.9248, 9.90326, 69.0236
1175490000, 10.0952, 11.0063, 9.90946, 68.9891
1175576400, 10.2546, 11.0611, 9.97543, 68.7089
1175662800, 10.2141, 11.0411, 9.99281, 68.752
1175749200, 10.1687, 11.0854, 10.0166, 68.7293
1176094800, 10.2239, 10.9711, 10.0362, 68.7687
1176181200, 10.2204, 11.0318, 10.0393, 68.7086
1176267600, 10.1511, 10.8743, 10.0323, 68.9423
1176354000, 10.1567, 10.827, 10.0765, 68.9398
1176440400, 10.151, 10.6203, 10.1438, 69.0849
1176699600, 10.4792, 10.6929, 10.176, 68.652
1176786000, 10.5062, 10.5751, 10.2113, 68.7074
1176872400, 10.5851, 10.5694, 10.2126, 68.6328
1176958800, 10.6978, 10.5431, 10.1991, 68.5601
1177045200, 10.7097, 10.6023, 10.2735, 68.4146
1177304400, 10.787, 10.8576, 10.1965, 68.1589
1177390800, 10.7163, 10.8381, 10.2119, 68.2337
1177477200, 10.8905, 11.0199, 10.2466, 67.843
1177563600, 10.8117, 11.3804, 10.2197, 67.5882
1177650000, 10.7764, 11.4943, 10.2023, 67.527
1177909200, 10.5431, 11.5232, 10.1554, 67.7784
1177995600, 10.543, 11.4867, 10.1828, 67.7875
1178082000, 10.5648, 11.5687, 10.2209, 67.6457
1178168400, 10.6478, 11.5518, 10.2603, 67.5402
1178254800, 10.8859, 11.5569, 10.2618, 67.2953
1178514000, 10.8419, 11.8715, 10.2278, 67.0587
1178600400, 10.7327, 12.0008, 10.2134, 67.0531
1178686800, 10.7763, 12.1706, 10.2092, 66.8439
1178773200, 10.6346, 12.2498, 10.1247, 66.9909
1178859600, 10.7951, 12.3532, 10.165, 66.6867
1179118800, 10.734, 12.4255, 10.1442, 66.6963
1179205200, 10.6797, 12.2522, 10.1766, 66.8915
1179291600, 10.7904, 12.2098, 10.2279, 66.772
1179378000, 10.7782, 12.4199, 10.1841, 66.6178
1179464400, 10.8864, 12.449, 10.2427, 66.4218
1179723600, 10.8162, 12.6501, 10.2206, 66.3131
1179810000, 10.8602, 12.7958, 10.1883, 66.1557
1179896400, 10.7768, 12.7448, 10.2074, 66.271
1179982800, 10.6928, 12.5561, 10.1633, 66.5877
1180069200, 10.6466, 12.8413, 10.1683, 66.3438
1180414800, 10.7563, 12.8907, 10.1791, 66.1739
1180501200, 10.8428, 13.2894, 10.1857, 65.6821
1180587600, 10.7656, 13.5325, 10.1543, 65.5477
1180674000, 10.7892, 13.2562, 10.2319, 65.7228
1180933200, 10.7121, 13.546, 10.2043, 65.5375
1181019600, 10.6859, 13.6829, 10.1545, 65.4767
1181106000, 10.6023, 13.8041, 10.0549, 65.5387
1181192400, 10.3107, 13.9181, 9.92044, 65.8508
1181278800, 10.5023, 13.9081, 10.0084, 65.5813
1181538000, 10.6391, 13.4769, 10.0624, 65.8216
1181624400, 10.6774, 13.5058, 9.95822, 65.8586
1181710800, 10.9381, 13.1698, 10.0975, 65.7946
1181797200, 10.5862, 13.3319, 10.1787, 65.9032
1181883600, 10.5824, 13.4972, 10.1692, 65.7512
1182142800, 10.562, 13.9362, 10.1028, 65.399
1182229200, 10.6802, 13.7794, 10.1297, 65.4107
1182315600, 10.5709, 13.6182, 10.0434, 65.7675
1182402000, 10.5794, 13.8308, 10.0624, 65.5274
1182488400, 10.4118, 13.7861, 10.0083, 65.7938
1182747600, 10.1862, 13.7654, 9.99907, 66.0493
1182834000, 10.1187, 13.534, 9.94865, 66.3987
1182920400, 10.2967, 13.6998, 10.0262, 65.9773
1183006800, 10.2966, 13.5732, 10.0417, 66.0885
1183093200, 10.186, 13.7307, 10.0384, 66.0448
1183352400, 10.2881, 13.627, 10.1173, 65.9675
1183438800, 10.4407, 14.1563, 10.0581, 65.3449
1183611600, 10.2434, 14.7097, 10.0015, 65.0454
1183698000, 10.3394, 14.6437, 10.0431, 64.9739
1183957200, 10.347, 14.4583, 10.0737, 65.121
1184043600, 10.0797, 14.7129, 9.9509, 65.2564
1184130000, 10.0571, 14.7088, 10.0156, 65.2184
1184216400, 10.1709, 14.8198, 10.1221, 64.8872
1184302800, 10.2049, 15.1453, 10.0995, 64.5502
1184562000, 10.1274, 15.1925, 10.1025, 64.5776
1184648400, 10.0776, 15.2758, 10.0935, 64.5531
1184734800, 9.90556, 15.2358, 10.1063, 64.7524
1184821200, 9.7443, 15.4286, 10.136, 64.6912
1184907600, 9.47527, 15.8345, 10.0287, 64.6614
1185166800, 9.43539, 15.8316, 10.0611, 64.6719
1185253200, 9.25363, 15.0815, 10.0333, 65.6316
1185339600, 9.43856, 15.2672, 10.0019, 65.2924
1185426000, 9.03236, 16.1808, 9.72987, 65.057
1185512400, 8.96679, 16.0297, 9.59075, 65.4128
1185771600, 9.10841, 15.7562, 9.73842, 65.397
1185858000, 8.90036, 14.9072, 9.77848, 66.414
1185944400, 8.89194, 15.206, 9.78255, 66.1195
1186030800, 8.80421, 15.3472, 9.84363, 66.0049
1186117200, 8.53618, 14.9965, 9.70085, 66.7664
1186376400, 8.83886, 15.2408, 9.7721, 66.1482
1186462800, 8.97995, 15.1792, 9.85249, 65.9883
1186549200, 9.06542, 15.0467, 9.97797, 65.9099
1186635600, 8.69231, 14.432, 9.84667, 67.029
1186722000, 8.63373, 14.3146, 9.82895, 67.2227
1186981200, 8.47233, 14.6032, 9.84347, 67.081
1187067600, 8.18013, 14.3095, 9.78597, 67.7244
1187154000, 8.01413, 13.9509, 9.73342, 68.3016
1187240400, 8.25618, 13.6217, 9.80832, 68.3138
1187326800, 8.42116, 14.0622, 9.88826, 67.6283
1187586000, 8.32121, 14.0939, 9.89279, 67.6921
1187672400, 8.38782, 14.5988, 9.83709, 67.1763
1187758800, 8.43576, 15.0442, 9.87511, 66.645
1187845200, 8.43335, 14.9091, 9.88521, 66.7723
1187931600, 8.47916, 15.2819, 9.93685, 66.3021
1188190800, 8.43915, 15.0156, 9.89595, 66.6493
1188277200, 8.20283, 14.569, 9.79262, 67.4356
1188363600, 8.24023, 15.2265, 9.87036, 66.6629
1188450000, 8.12037, 15.4561, 9.83335, 66.5902
1188536400, 8.29255, 15.6201, 9.87403, 66.2133
1188882000, 8.43672, 16.1052, 9.87829, 65.5798
1188968400, 8.38539, 15.4409, 9.8969, 66.2768
1189054800, 8.45932, 15.2601, 9.93061, 66.3499
1189141200, 8.49351, 14.9708, 9.84308, 66.6926
1189400400, 8.64733, 15.4146, 9.7499, 66.1881
1189486800, 8.64466, 15.2815, 9.86646, 66.2074
1189573200, 8.58753, 15.4144, 9.87873, 66.1194
1189659600, 8.83269, 15.394, 9.90973, 65.8636
1189746000, 8.90716, 15.5313, 9.88146, 65.6801
1190005200, 8.78873, 15.5233, 9.85173, 65.8362
1190091600, 9.28346, 15.6212, 10.0239, 65.0714
1190178000, 9.48896, 15.5619, 10.0556, 64.8935
1190264400, 9.41802, 15.5441, 10.006, 65.0318
1190350800, 9.64861, 15.858, 9.91589, 64.5775
1190610000, 9.62532, 16.2382, 9.85262, 64.2839
1190696400, 9.59514, 16.6849, 9.78045, 63.9395
1190782800, 9.74679, 16.611, 9.81488, 63.8273
1190869200, 9.81152, 16.7414, 9.83901, 63.608
1190955600, 9.82408, 16.6542, 9.82059, 63.7012
1191214800, 10.0362, 16.8469, 9.86177, 63.2552
1191301200, 10.218, 16.9993, 9.80512, 62.9776
1191387600, 10.1988, 16.9605, 9.79584, 63.0448
1191474000, 10.1592, 16.8184, 9.83355, 63.1889
1191560400, 10.1931, 17.2426, 9.87216, 62.6921
1191819600, 10.0671, 17.8312, 9.76407, 62.3377
1191906000, 10.5437, 17.7143, 9.79436, 61.9477
1191992400, 10.4284, 17.6496, 9.80484, 62.1172
1192078800, 10.2074, 17.3117, 9.84003, 62.6408
1192165200, 10.3284, 17.707, 9.81662, 62.148
1192424400, 10.1721, 17.7313, 9.76283, 62.3338
1192510800, 9.97216, 18.0076, 9.6855, 62.3347
1192597200, 10.0467, 18.2548, 9.66773, 62.0308
1192683600, 10.0514, 18.3241, 9.62741, 61.9971
1192770000, 9.70266, 18.1853, 9.47271, 62.6393
1193029200, 9.83633, 18.4809, 9.46384, 62.219
1193115600, 9.76976, 19.4596, 9.40905, 61.3615
1193202000, 9.82738, 19.4321, 9.39001, 61.3505
1193288400, 9.91837, 19.1488, 9.43493, 61.4979
1193374800, 10.2501, 19.2122, 9.47759, 61.0601
1193634000, 10.5491, 19.1732, 9.46977, 60.8079
1193720400, 10.4005, 19.3747, 9.40577, 60.8191
1193806800, 10.651, 19.5373, 9.43443, 60.3773
1193893200, 10.4041, 19.4366, 9.28885, 60.8704
1193979600, 9.98491, 19.5603, 9.33708, 61.1177
1194238800, 9.56767, 19.5278, 9.33462, 61.5699
1194325200, 9.68723, 19.9322, 9.37376, 61.0068
1194411600, 9.41194, 19.6002, 9.22964, 61.7582
1194498000, 9.354, 18.7177, 9.31063, 62.6177
1194584400, 9.52483, 17.8443, 9.28903, 63.3418
1194843600, 9.79397, 16.7918, 9.30787, 64.1064
1194930000, 10.3316, 18.0398, 9.32226, 62.3063
1195016400, 10.3875, 17.7059, 9.33589, 62.5707
1195102800, 10.1692, 17.6201, 9.25748, 62.9532
1195189200, 10.0737, 17.8156, 9.2585, 62.8522
1195448400, 9.92271, 17.6604, 9.18476, 63.2321
1195534800, 9.74155, 18.1074, 9.19992, 62.9511
1195621200, 9.43956, 18.1724, 9.06491, 63.3232
1195794000, 9.67631, 18.3571, 9.14816, 62.8184
1196053200, 9.31914, 18.5566, 8.99114, 63.1331
1196139600, 9.52503, 18.6865, 9.03919, 62.7493
1196226000, 10.0084, 18.9799, 9.19036, 61.8214
1196312400, 9.84135, 19.3517, 9.16656, 61.6404
1196398800, 9.94307, 19.1393, 9.26115, 61.6564
1196658000, 9.99431, 18.8624, 9.23733, 61.9059
1196744400, 9.52756, 19.0572, 9.20044, 62.2148
1196830800, 9.57674, 19.4865, 9.27178, 61.6649
1196917200, 9.68702, 19.7983, 9.33108, 61.1836
1197003600, 9.46219, 20.2011, 9.30593, 61.0308
1197262800, 9.70392, 20.1238, 9.34655, 60.8257
1197349200, 9.26929, 19.8155, 9.22019, 61.695
1197435600, 9.2951, 19.9799, 9.27432, 61.4507
1197522000, 9.12468, 20.101, 9.26406, 61.5103
1197608400, 9.23646, 19.9845, 9.1624, 61.6166
1197867600, 9.22534, 19.5215, 9.10899, 62.1442
1197954000, 8.94757, 19.4518, 9.19796, 62.4027
1198040400, 9.05324, 19.4409, 9.18578, 62.3201
1198126800, 8.94904, 19.7908, 9.2045, 62.0557
1198213200, 9.15455, 20.2765, 9.18705, 61.3819
1198472400, 9.28773, 20.6258, 9.18311, 60.9034
1198645200, 9.3775, 20.6129, 9.19013, 60.8195
1198731600, 9.20551, 20.6479, 9.10739, 61.0392
1198818000, 9.19517, 20.7565, 9.07479, 60.9735
1199077200, 9.34074, 20.5982, 9.01792, 61.0431
1199250000, 9.08433, 20.4122, 9.00556, 61.4979
1199336400, 8.97394, 20.4453, 9.01164, 61.5691
1199422800, 8.93728, 19.2694, 8.96989, 62.8235
1199682000, 8.74839, 19.1066, 9.00713, 63.1379
1199768400, 8.60531, 18.6181, 8.95732, 63.8193
1199854800, 8.61425, 19.2953, 8.95454, 63.1359
1199941200, 8.83351, 19.1197, 9.00044, 63.0464
1200027600, 8.96608, 18.6523, 8.97837, 63.4033
1200286800, 9.01966, 19.1451, 8.97346, 62.8618
1200373200, 8.7876, 18.3991, 8.91994, 63.8933
1200459600, 9.06133, 17.5353, 8.92419, 64.4792
1200546000, 8.79677, 17.7424, 8.72722, 64.7336
1200632400, 8.64139, 17.8319, 8.65591, 64.8708
1200978000, 8.85153, 17.2965, 8.61628, 65.2357
1201064400, 9.37069, 15.6476, 8.93318, 66.0485
1201150800, 9.39219, 15.3068, 9.03787, 66.2632
1201237200, 9.1262, 14.8436, 9.00918, 67.021
1201496400, 9.32333, 14.7872, 9.12334, 66.7661
1201582800, 9.29434, 14.9299, 9.14935, 66.6264
1201669200, 9.40122, 14.984, 9.0708, 66.544
1201755600, 9.39471, 15.257, 9.18356, 66.1647
1201842000, 9.7477, 15.0224, 9.29841, 65.9315
1202101200, 9.48479, 14.8878, 9.24407, 66.3833
1202187600, 9.06075, 14.7801, 9.08958, 67.0696
1202274000, 9.02648, 14.086, 9.11138, 67.7761
1202360400, 9.17311, 13.98, 9.15962, 67.6873
1202446800, 8.98586, 14.4304, 9.07659, 67.5072
1202706000, 8.88864, 14.8209, 9.08253, 67.2079
1202792400, 8.69911, 14.3949, 9.23051, 67.6755
1202878800, 8.62515, 14.83, 9.2697, 67.2751
1202965200, 8.49238, 14.6777, 9.23219, 67.5977
1203051600, 8.60192, 14.3862, 9.25225, 67.7596
1203397200, 8.41999, 14.1713, 9.32293, 68.0858
1203483600, 8.55421, 14.3064, 9.3146, 67.8248
1203570000, 8.49129, 14.1052, 9.2781, 68.1254
1203656400, 8.61969, 13.8723, 9.34094, 68.167
1203915600, 8.59126, 13.8863, 9.44613, 68.0763
1204002000, 8.38425, 13.8488, 9.53827, 68.2286
1204088400, 8.70555, 14.1745, 9.45052, 67.6694
1204174800, 8.46484, 14.8995, 9.3106, 67.3251
1204261200, 8.21711, 14.4992, 9.20502, 68.0787
1204520400, 8.04692, 14.2063, 9.24067, 68.5062
1204606800, 7.95649, 14.5102, 9.18426, 68.3491
1204693200, 8.01434, 14.4792, 9.23216, 68.2743
1204779600, 7.77826, 14.1946, 9.1243, 68.9028
1204866000, 7.83765, 14.3308, 9.01854, 68.813
1205125200, 7.66678, 14.121, 8.95687, 69.2554
1205211600, 7.90974, 14.7888, 9.13311, 68.1683
1205298000, 7.92598, 14.671, 9.06961, 68.3334
1205384400, 8.01523, 14.8398, 9.05698, 68.088
1205470800, 7.65391, 14.7906, 8.98043, 68.575
1205730000, 7.3957, 14.8584, 8.92193, 68.824
1205816400, 8.4066, 15.2241, 9.08473, 67.2846
1205902800, 8.05321, 15.0165, 8.95116, 67.9792
1205989200, 8.58803, 15.2544, 8.96683, 67.1908
1206334800, 8.47926, 15.8347, 9.06808, 66.6179
1206421200, 8.49707, 15.9659, 9.05792, 66.4791
1206507600, 8.28792, 16.4026, 8.93325, 66.3762
1206594000, 8.01489, 16.0058, 8.98765, 66.9917
1206680400, 7.83483, 16.3121, 8.89696, 66.9561
1206939600, 7.86924, 16.3464, 8.91633, 66.868
1207026000, 8.28686, 16.774, 9.08929, 65.8499
1207112400, 8.3058, 16.582, 9.11555, 65.9967
1207198800, 8.25106, 16.9655, 9.09548, 65.688
1207285200, 8.18991, 17.1126, 9.07629, 65.6212
1207544400, 8.30601, 17.3444, 9.03807, 65.3115
1207630800, 8.34233, 17.0632, 9.0597, 65.5348
1207717200, 8.15656, 16.9823, 9.03424, 65.8269
1207803600, 7.97301, 17.2976, 9.02943, 65.6999
1207890000, 7.91258, 16.661, 8.95778, 66.4687
1208149200, 7.74744, 16.7558, 8.93946, 66.5573
1208235600, 7.76718, 16.804, 8.94977, 66.4791
1208322000, 7.9116, 17.2215, 9.09454, 65.7724
1208408400, 8.03469, 17.2677, 9.08562, 65.6119
1208494800, 8.30125, 17.7877, 9.07223, 64.8388
1208754000, 8.25584, 18.4245, 9.00365, 64.3161
1208840400, 8.3047, 17.7191, 9.04916, 64.9271
1208926800, 8.26393, 17.9691, 9.01093, 64.756
1209013200, 8.60071, 18.4262, 8.94803, 64.0251
1209099600, 8.71947, 18.4542, 9.00246, 63.8239
1209358800, 8.62273, 18.6906, 8.98688, 63.6998
1209445200, 8.70025, 18.9236, 8.91758, 63.4585
1209531600, 8.66108, 18.8482, 8.8855, 63.6052
1209618000, 8.90299, 19.275, 8.96292, 62.8591
1209704400, 8.94146, 19.3408, 8.97154, 62.7462
1209963600, 8.78139, 19.7023, 8.90871, 62.6076
1210050000, 8.77646, 19.8476, 8.95857, 62.4173
1210136400, 8.50787, 19.5993, 8.8826, 63.0102
1210222800, 8.40374, 19.8345, 8.84634, 62.9154
1210309200, 8.43486, 19.6959, 8.84507, 63.0241
1210568400, 8.54679, 20.0445, 8.87484, 62.5339
1210654800, 8.45918, 20.213, 8.86589, 62.462
1210741200, 8.48289, 19.8957, 8.91847, 62.7029
1210827600, 8.38075, 20.1827, 8.99267, 62.4439
1210914000, 8.33851, 20.0147, 9.02633, 62.6205
1211173200, 8.25989, 19.6894, 9.09889, 62.9518
1211259600, 8.16474, 19.9192, 9.01747, 62.8986
1211346000, 8.08632, 19.3152, 8.96809, 63.6304
1211432400, 8.03786, 19.2274, 8.98606, 63.7487
1211518800, 7.82162, 19.6512, 8.85497, 63.6722
1211864400, 7.82529, 20.0823, 8.8591, 63.2333
1211950800, 7.8549, 20.1158, 8.88716, 63.1422
1212037200, 7.91243, 20.0666, 8.92525, 63.0957
1212123600, 7.9002, 20.2371, 8.92513, 62.9375
1212382800, 7.76129, 20.0651, 8.88254, 63.2911
1212469200, 7.69818, 20.0284, 8.8493, 63.4241
1212555600, 7.76331, 20, 8.84087, 63.3958
1212642000, 7.90012, 20.288, 8.94275, 62.8692
1212728400, 7.65727, 20.0852, 8.74599, 63.5115
1212987600, 7.53475, 19.7641, 8.81842, 63.8828
1213074000, 7.56581, 20.11, 8.73429, 63.5899
1213160400, 7.41262, 19.7585, 8.68126, 64.1476
1213246800, 7.65661, 19.0465, 8.76634, 64.5305
1213333200, 8.14228, 18.8464, 8.82925, 64.1821
1213592400, 8.26069, 19.2069, 8.77586, 63.7565
1213678800, 8.11322, 19.6395, 8.70412, 63.5432
1213765200, 8.28236, 19.3929, 8.63875, 63.686
1213851600, 8.43438, 19.5416, 8.61242, 63.4116
1213938000, 8.36987, 19.1117, 8.50983, 64.0086
1214197200, 8.17271, 18.9716, 8.54195, 64.3137
1214283600, 8.31553, 18.9534, 8.51244, 64.2186
1214370000, 8.34433, 19.2964, 8.50425, 63.855
1214456400, 8.13546, 18.5933, 8.40437, 64.8669
1214542800, 8.05072, 18.7809, 8.35199, 64.8164
1214802000, 8.08642, 18.5341, 8.40225, 64.9772
1214888400, 8.03817, 19.173, 8.35767, 64.4311
1214974800, 8.25442, 18.5894, 8.27219, 64.884
1215061200, 8.24028, 18.7611, 8.26192, 64.7367
1215406800, 7.81829, 19.3066, 8.17315, 64.702
1215493200, 7.98328, 19.6211, 8.24712, 64.1485
1215579600, 7.79332, 19.2355, 8.17055, 64.8006
1215666000, 7.81862, 19.4305, 8.17543, 64.5754
1215752400, 7.53306, 19.1562, 8.15304, 65.1577
1216011600, 7.36422, 19.321, 8.08788, 65.2269
1216098000, 7.36995, 18.9685, 8.02406, 65.6375
1216184400, 7.97327, 19.0835, 8.11915, 64.8241
1216270800, 8.33003, 18.9055, 8.17117, 64.5933
1216357200, 8.45501, 18.2839, 8.27241, 64.9887
1216616400, 8.35678, 18.4036, 8.27406, 64.9656
1216702800, 8.69613, 17.9387, 8.37154, 64.9936
1216789200, 8.64445, 18.3153, 8.3744, 64.6658
1216875600, 8.40528, 17.7533, 8.31033, 65.5311
1216962000, 8.30838, 18.0498, 8.28611, 65.3557
1217221200, 8.1422, 17.4077, 8.26786, 66.1823
1217307600, 8.47788, 17.5537, 8.36992, 65.5985
1217394000, 8.63162, 17.7469, 8.46202, 65.1594
1217480400, 8.55973, 17.6993, 8.37639, 65.3646
1217566800, 8.49835, 17.5133, 8.36511, 65.6232
1217826000, 8.35973, 17.2427, 8.34212, 66.0555
1217912400, 8.39613, 17.863, 8.46583, 65.2751
1217998800, 8.30825, 18.1894, 8.4716, 65.0308
1218085200, 8.01656, 18.2171, 8.38982, 65.3766
1218171600, 8.1047, 18.6979, 8.46191, 64.7355
1218430800, 8.14826, 19.0214, 8.49652, 64.3339
1218517200, 7.67617, 19.4136, 8.42756, 64.4827
1218603600, 7.55688, 19.672, 8.36659, 64.4045
1218690000, 7.62344, 19.6462, 8.41769, 64.3127
1218776400, 7.50547, 19.3521, 8.50176, 64.6406
1219035600, 7.38314, 19.3715, 8.41067, 64.8346
1219122000, 7.31766, 19.2414, 8.35164, 65.0893
1219208400, 7.30684, 19.438, 8.3648, 64.8904
1219294800, 7.23982, 19.3132, 8.3995, 65.0474
1219381200, 7.35586, 19.482, 8.47402, 64.6881
1219640400, 7.22697, 19.1735, 8.37142, 65.2281
1219726800, 7.22507, 19.2648, 8.38283, 65.1273
1219813200, 7.19249, 19.3451, 8.44956, 65.0129
1219899600, 7.46435, 19.1858, 8.52703, 64.8228
1219986000, 7.59785, 18.807, 8.47414, 65.121
1220331600, 7.68813, 18.5032, 8.45198, 65.3567
1220418000, 7.78023, 18.5546, 8.42912, 65.236
1220504400, 7.55972, 18.1349, 8.27491, 66.0305
1220590800, 7.66821, 18.0145, 8.29936, 66.0179
1220850000, 7.9554, 17.721, 8.45201, 65.8716
1220936400, 7.67968, 17.25, 8.31155, 66.7588
1221022800, 7.49847, 17.2711, 8.35932, 66.8711
1221109200, 7.45596, 17.3526, 8.46226, 66.7292
1221195600, 7.36008, 17.0188, 8.54551, 67.0756
1221454800, 6.61799, 16.4126, 8.32877, 68.6407
1221541200, 6.49887, 16.3627, 8.47142, 68.667
1221627600, 5.74941, 15.3673, 8.31458, 70.5687
1221714000, 5.38677, 16.0121, 8.50407, 70.0971
1221800400, 6.33545, 16.4661, 8.60264, 68.5958
1222059600, 6.00247, 15.5926, 8.56088, 69.844
1222146000, 6.24487, 15.165, 8.40675, 70.1834
1222232400, 6.59915, 15.2896, 8.37944, 69.7318
1222318800, 6.6806, 15.5728, 8.45657, 69.29
1222405200, 6.82442, 15.1841, 8.48696, 69.5045
1222664400, 6.23371, 13.0152, 8.16833, 72.5828
1222750800, 6.49679, 13.8116, 8.35981, 71.3318
1222837200, 6.84153, 13.2887, 8.38302, 71.4868
1222923600, 6.79652, 12.3825, 8.20639, 72.6145
1223010000, 6.65813, 12.0885, 8.15008, 73.1032
1223269200, 6.48181, 12.282, 7.77305, 73.4632
1223355600, 6.13044, 11.3792, 7.57201, 74.9184
1223442000, 6.03692, 11.4845, 7.3973, 75.0813
1223528400, 5.48436, 11.4966, 6.96942, 76.0496
1223614800, 4.79584, 12.5163, 6.78707, 75.9008
1223874000, 5.7684, 13.7182, 7.479, 73.0344
1223960400, 6.40354, 12.9832, 7.3876, 73.2256
1224046800, 6.01585, 12.4679, 6.79623, 74.72
1224133200, 5.93179, 12.8736, 7.02701, 74.1676
1224219600, 6.06293, 12.3692, 7.02078, 74.5471
1224478800, 6.38509, 12.3854, 7.37359, 73.8559
1224565200, 6.4483, 11.6393, 7.23319, 74.6792
1224651600, 6.11673, 12.3291, 6.8423, 74.7119
1224738000, 5.77757, 12.5137, 6.92794, 74.7808
1224824400, 5.39749, 12.4049, 6.64452, 75.5531
1225083600, 5.05347, 11.9957, 6.48597, 76.4648
1225170000, 5.0003, 12.7825, 7.11482, 75.1024
1225256400, 5.17947, 13.2752, 7.0099, 74.5355
1225342800, 4.79758, 13.9985, 7.20062, 74.0033
1225429200, 4.88651, 13.6074, 7.26364, 74.2424
1225688400, 4.71764, 13.5601, 7.30208, 74.4201
1225774800, 4.97724, 13.9218, 7.47014, 73.6308
1225861200, 4.65867, 13.178, 7.27811, 74.8852
1225947600, 4.35763, 12.8083, 6.96513, 75.869
1226034000, 4.20059, 12.7022, 7.19798, 75.8992
1226293200, 3.875, 12.4913, 7.15764, 76.4761
1226379600, 4.07103, 12.3685, 6.94893, 76.6115
1226466000, 3.69047, 11.9217, 6.73358, 77.6542
1226552400, 3.81267, 12.5776, 7.05232, 76.5574
1226638800, 3.68438, 11.9286, 6.79123, 77.5958
1226898000, 3.47117, 11.7216, 6.74165, 78.0656
1226984400, 3.43405, 11.9168, 6.84558, 77.8036
1227070800, 3.09499, 11.5874, 6.49116, 78.8265
1227157200, 2.95921, 10.9663, 6.09704, 79.9774
1227243600, 3.01303, 11.1742, 6.38201, 79.4308
1227502800, 3.71239, 12.2535, 6.64851, 77.3856
1227589200, 3.95224, 11.9694, 6.69738, 77.381
1227675600, 4.16743, 12.3902, 6.88237, 76.56
1227848400, 4.30659, 12.0962, 6.9747, 76.6225
1228107600, 3.65202, 11.8241, 6.47522, 78.0487
1228194000, 3.58551, 12.212, 6.67915, 77.5234
1228280400, 3.77204, 12.5605, 6.78333, 76.8841
1228366800, 3.725, 12.0718, 6.68137, 77.5219
1228453200, 3.87292, 12.3246, 6.83787, 76.9646
1228712400, 4.16916, 12.9015, 6.98298, 75.9463
1228798800, 3.9446, 12.9855, 6.88908, 76.1808
1228885200, 3.88751, 12.7787, 6.95414, 76.3797
1228971600, 3.81469, 12.4461, 6.83341, 76.9058
1229058000, 3.69204, 12.823, 6.8873, 76.5977
1229317200, 3.64506, 12.4414, 6.83405, 77.0795
1229403600, 4.12971, 12.4147, 7.08947, 76.3661
1229490000, 4.31239, 11.6847, 7.07266, 76.9302
1229576400, 4.3831, 11.7233, 6.94241, 76.9512
1229662800, 4.41917, 11.7949, 6.85507, 76.9308
1229922000, 4.25114, 11.333, 6.82527, 77.5906
1230008400, 4.15531, 11.4273, 6.76049, 77.6569
1230094800, 4.22676, 11.2579, 6.80445, 77.7109
1230267600, 4.19594, 11.3468, 6.83583, 77.6215
1230526800, 4.22351, 11.439, 6.80814, 77.5294
1230613200, 4.50788, 11.3488, 6.94019, 77.2032
1230699600, 4.63108, 11.2135, 7.03198, 77.1234
1230872400, 4.7116, 11.7989, 7.16856, 76.3209
1231131600, 4.79258, 12.2236, 7.11743, 75.8663
1231218000, 4.79638, 12.041, 7.17629, 75.9863
1231304400, 4.60108, 11.8642, 7.01058, 76.5241
1231390800, 4.6368, 12.0486, 7.01825, 76.2964
1231477200, 4.57911, 11.833, 6.9029, 76.685
1231736400, 4.27043, 11.6706, 6.78852, 77.2704
1231822800, 4.28842, 11.557, 6.80774, 77.3469
1231909200, 4.19296, 11.317, 6.63678, 77.8533
1231995600, 4.10467, 11.0982, 6.66308, 78.134
1232082000, 4.06663, 10.9729, 6.72399, 78.2365
1232427600, 3.3518, 10.6001, 6.47765, 79.5704
1232514000, 3.89863, 11.0604, 6.65671, 78.3843
1232600400, 3.93417, 11.7169, 6.50829, 77.8406
1232686800, 4.13901, 11.6885, 6.52074, 77.6517
1232946000, 4.09262, 11.8371, 6.554, 77.5162
1233032400, 4.29789, 11.9293, 6.59194, 77.1809
1233118800, 4.75931, 12.2389, 6.73432, 76.2675
1233205200, 4.5182, 12.1614, 6.55776, 76.7626
1233291600, 4.4369, 11.8594, 6.46427, 77.2395
1233550800, 4.57842, 12.0027, 6.42432, 76.9945
1233637200, 4.52586, 12.1662, 6.49887, 76.8091
1233723600, 4.7923, 12.2011, 6.44612, 76.5604
1233810000, 5.02093, 12.4881, 6.4939, 75.9971
1233896400, 5.18022, 12.8066, 6.62541, 75.3877
1234155600, 5.22812, 13.1075, 6.6056, 75.0588
1234242000, 4.89173, 12.674, 6.38608, 76.0482
1234328400, 5.11779, 12.5256, 6.41475, 75.9419
1234414800, 5.14583, 12.7954, 6.39578, 75.663
1234501200, 5.19455, 12.7858, 6.32927, 75.6903
1234846800, 4.68386, 12.3677, 6.14744, 76.801
1234933200, 4.62244, 12.3593, 6.13894, 76.8793
1235019600, 4.72735, 11.9271, 6.10171, 77.2438
1235106000, 4.65227, 12.0085, 6.04625, 77.293
1235365200, 4.44926, 11.5674, 5.89027, 78.0931
1235451600, 5.09632, 11.843, 6.03037, 77.0303
1235538000, 4.93332, 11.9739, 5.98863, 77.1042
1235624400, 5.06752, 11.7426, 5.90505, 77.2849
1235710800, 5.01746, 11.779, 5.7832, 77.4204
1235970000, 4.78628, 11.6808, 5.56199, 77.971
1236056400, 4.57911, 11.7615, 5.53135, 78.128
1236142800, 4.71954, 12.0527, 5.62437, 77.6034
1236229200, 4.54633, 11.8328, 5.43511, 78.1857
1236315600, 4.24257, 11.4529, 5.48848, 78.816
1236574800, 4.16614, 11.2097, 5.44871, 79.1754
1236661200, 4.72378, 11.7536, 5.67657, 77.8461
1236747600, 5.06855, 12.1728, 5.65877, 77.0998
1236834000, 5.28384, 12.5331, 5.82498, 76.3581
1236920400, 5.36403, 12.4691, 5.86609, 76.3008
1237179600, 5.11591, 12.4464, 5.8689, 76.5688
1237266000, 5.3393, 12.8695, 5.98792, 75.8033
1237352400, 5.63683, 13.017, 6.07868, 75.2675
1237438800, 5.33851, 13.0797, 6.02636, 75.5554
1237525200, 5.24679, 13.1126, 5.8726, 75.768
1237784400, 5.91654, 13.6246, 6.17143, 74.2875
1237870800, 5.8661, 13.5236, 6.07039, 74.5399
1237957200, 5.97954, 13.497, 6.12293, 74.4005
1238043600, 5.89908, 13.8558, 6.21649, 74.0286
1238130000, 5.7332, 13.5698, 6.14727, 74.5497
1238389200, 5.37827, 13.3928, 5.98974, 75.2392
1238475600, 5.65141, 13.4153, 6.01911, 74.9141
1238562000, 5.83238, 13.7609, 6.087, 74.3197
1238648400, 5.98664, 14.1433, 6.20941, 73.6607
1238734800, 6.21187, 14.4473, 6.22482, 73.116
1238994000, 6.06185, 14.7368, 6.16899, 73.0324
1239080400, 6.06881, 14.3943, 6.06163, 73.4752
1239166800, 5.98963, 14.5361, 6.11711, 73.3571
1239253200, 6.41594, 14.7725, 6.28796, 72.5236
1239598800, 6.69071, 14.7963, 6.26548, 72.2475
1239685200, 5.98435, 14.7256, 6.22696, 73.0631
1239771600, 6.28164, 14.5985, 6.27463, 72.8452
1239858000, 6.24636, 14.9867, 6.33087, 72.4361
1239944400, 6.20013, 15.191, 6.3571, 72.2518
1240203600, 5.96724, 14.9683, 6.14678, 72.9177
1240290000, 6.21041, 15.0414, 6.23233, 72.5158
1240376400, 6.22099, 15.0199, 6.19809, 72.561
1240462800, 6.29911, 15.3989, 6.21781, 72.0842
1240549200, 6.23211, 15.2403, 6.32237, 72.2053
1240808400, 6.21021, 15.339, 6.26119, 72.1896
1240894800, 6.20668, 15.2573, 6.24984, 72.2861
1240981200, 6.50119, 15.315, 6.34341, 71.8404
1241067600, 6.55856, 15.3758, 6.33583, 71.7299
1241154000, 6.47741, 15.5273, 6.36137, 71.634
1241413200, 6.75942, 15.9308, 6.50193, 70.8078
1241499600, 6.80451, 15.9908, 6.4728, 70.7319
1241586000, 6.98663, 15.9195, 6.56601, 70.5279
1241672400, 6.76388, 15.6281, 6.5257, 71.0823
1241758800, 7.02763, 15.5715, 6.64709, 70.7538
1242018000, 6.85436, 15.6597, 6.54038, 70.9456
1242104400, 6.88112, 15.1372, 6.56438, 71.4173
1242190800, 6.64015, 14.6958, 6.46884, 72.1952
1242277200, 6.81513, 15.0156, 6.47868, 71.6906
1242363600, 6.8612, 14.9624, 6.43074, 71.7457
1242622800, 7.22507, 15.3039, 6.53846, 70.9325
1242709200, 7.12499, 15.4025, 6.53137, 70.9412
1242795600, 6.91993, 15.2837, 6.51844, 71.2779
1242882000, 6.97475, 15.1182, 6.44172, 71.4654
1242968400, 6.95159, 14.9524, 6.44472, 71.6512
1243314000, 7.13754, 15.7324, 6.51426, 70.6158
1243400400, 7.03122, 15.9968, 6.39449, 70.5775
1243486800, 7.22342, 16.1484, 6.4472, 70.1809
1243573200, 7.20511, 16.2047, 6.54836, 70.0418
1243832400, 7.15246, 16.533, 6.66894, 69.6456
1243918800, 7.09563, 16.5558, 6.67705, 69.6715
1244005200, 7.04422, 16.7224, 6.58993, 69.6435
1244091600, 7.3514, 16.9255, 6.60196, 69.1212
1244178000, 7.32232, 17.02, 6.59754, 69.0602
1244437200, 7.30128, 16.95, 6.5806, 69.1682
1244523600, 7.35238, 16.8256, 6.61761, 69.2044
1244610000, 7.25461, 16.6071, 6.62983, 69.5085
1244696400, 7.18481, 16.5851, 6.66477, 69.5653
1244782800, 7.23153, 16.2825, 6.70387, 69.7821
1245042000, 7.12866, 16.2411, 6.57574, 70.0545
1245128400, 7.18605, 16.2722, 6.4866, 70.0551
1245214800, 6.98752, 16.2321, 6.50098, 70.2794
1245301200, 7.13759, 16.2272, 6.53212, 70.103
1245387600, 7.10978, 16.5876, 6.49216, 69.8104
1245646800, 6.85718, 16.4601, 6.34504, 70.3377
1245733200, 7.07973, 16.0878, 6.36201, 70.4705
1245819600, 7.12491, 16.289, 6.39169, 70.1944
1245906000, 7.16629, 16.6141, 6.48768, 69.7319
1245992400, 7.2516, 16.8525, 6.44472, 69.4512
1246251600, 7.37118, 16.7744, 6.49635, 69.3581
1246338000, 7.28319, 16.8444, 6.44979, 69.4226
1246424400, 7.27232, 16.8802, 6.47204, 69.3754
1246510800, 7.13303, 16.6644, 6.33963, 69.863
1246856400, 7.28219, 16.5, 6.34025, 69.8775
1246942800, 7.13723, 16.2315, 6.26122, 70.37
1247029200, 6.93647, 16.4474, 6.25607, 70.3601
1247115600, 7.15958, 16.3211, 6.25925, 70.2601
1247202000, 7.08008, 16.5504, 6.23333, 70.1362
1247461200, 7.38506, 16.8407, 6.32265, 69.4515
1247547600, 7.3931, 16.826, 6.356, 69.4249
1247634000, 7.59321, 17.1979, 6.47662, 68.7323
1247720400, 7.65962, 17.2484, 6.45705, 68.6349
1247806800, 7.61657, 17.6432, 6.49109, 68.2491
1248066000, 7.7437, 17.7145, 6.5366, 68.0052
1248152400, 7.74365, 17.5775, 6.57624, 68.1026
1248238800, 7.72639, 18.0691, 6.53322, 67.6713
1248325200, 7.92632, 18.1015, 6.64368, 67.3285
1248411600, 7.87236, 18.3062, 6.65484, 67.1666
1248670800, 7.83239, 18.3203, 6.67508, 67.1722
1248757200, 7.68875, 18.3459, 6.65729, 67.308
1248843600, 7.64107, 18.3614, 6.64533, 67.3522
1248930000, 7.74294, 18.5798, 6.67942, 66.9979
1249016400, 7.77556, 18.6259, 6.68088, 66.9176
1249275600, 7.77518, 18.8791, 6.75765, 66.5881
1249362000, 7.82835, 18.7852, 6.77729, 66.6092
1249448400, 7.98523, 18.7175, 6.75136, 66.5459
1249534800, 7.91636, 18.63, 6.73393, 66.7197
1249621200, 7.75964, 18.7887, 6.81386, 66.6378
1249880400, 7.62345, 18.7477, 6.81744, 66.8114
1249966800, 7.59618, 18.5985, 6.75632, 67.049
1250053200, 7.76831, 18.7744, 6.78995, 66.6674
1250139600, 7.76834, 19.0439, 6.8119, 66.3758
1250226000, 7.7104, 18.9191, 6.78131, 66.5892
1250485200, 7.54446, 18.3312, 6.69765, 67.4267
1250571600, 7.64479, 18.704, 6.70288, 66.9483
1250658000, 7.6109, 18.7535, 6.75491, 66.8807
1250744400, 7.6958, 18.8787, 6.79861, 66.6269
1250830800, 7.71185, 19.1079, 6.89623, 66.284
1251090000, 7.67279, 19.1018, 6.89988, 66.3255
1251176400, 7.77148, 19.109, 6.90202, 66.2175
1251262800, 7.83287, 18.9179, 6.91488, 66.3344
1251349200, 7.77327, 19.1098, 6.91632, 66.2006
1251435600, 7.74206, 19.1702, 6.91235, 66.1754
1251694800, 7.80821, 19.0045, 6.86594, 66.3213
1251781200, 7.61414, 18.8131, 6.76386, 66.8089
1251867600, 7.54547, 18.8214, 6.74609, 66.887
1251954000, 7.66631, 18.9093, 6.77774, 66.6467
1252040400, 7.68356, 19.2239, 6.83278, 66.2597
1252386000, 7.84042, 19.4119, 6.85366, 65.894
1252472400, 7.98385, 19.212, 6.90662, 65.8975
1252558800, 8.16316, 19.2855, 6.94624, 65.6051
1252645200, 8.15963, 19.2512, 6.94867, 65.6405
1252904400, 8.27136, 19.3581, 6.95822, 65.4124
1252990800, 8.21094, 19.4911, 6.97748, 65.3205
1253077200, 8.27724, 20.0371, 7.01285, 64.6728
1253163600, 8.32063, 20.2598, 6.97742, 64.4421
1253250000, 8.39095, 20.2908, 6.9417, 64.3766
1253509200, 8.36844, 20.2141, 6.93547, 64.4819
1253595600, 8.49213, 20.2173, 6.95955, 64.3311
1253682000, 8.40878, 20.3356, 6.90391, 64.3517
1253768400, 8.40633, 20.2094, 6.84748, 64.5368
1253854800, 8.27258, 20.1223, 6.83553, 64.7696
1254114000, 8.35422, 20.4011, 6.91107, 64.3336
1254200400, 8.40835, 20.328, 6.89411, 64.3695
1254286800, 8.44317, 20.3237, 6.86708, 64.3661
1254373200, 8.27282, 20.0131, 6.75807, 64.956
1254459600, 8.26476, 20.3697, 6.69682, 64.6688
1254718800, 8.53442, 20.3832, 6.76035, 64.322
1254805200, 8.51033, 20.705, 6.81918, 63.9655
1254891600, 8.65196, 20.6889, 6.82399, 63.8352
1254978000, 8.56067, 20.6151, 6.8872, 63.937
1255064400, 8.59282, 20.6995, 6.9137, 63.794
1255323600, 8.62256, 20.7152, 6.93365, 63.7286
1255410000, 8.50992, 20.6774, 6.9356, 63.877
1255496400, 8.69709, 20.7147, 7.0208, 63.5674
1255582800, 8.55067, 20.6808, 7.06192, 63.7066
1255669200, 8.40111, 20.5148, 7.04565, 64.0385
1255928400, 8.42671, 20.6488, 7.08213, 63.8424
1256014800, 8.32674, 21.4227, 6.98147, 63.2691
1256101200, 8.04241, 22.0107, 6.89505, 63.0518
1256187600, 8.2166, 21.9751, 6.94438, 62.8639
1256274000, 8.09706, 21.9198, 6.89001, 63.0931
1256533200, 8.0749, 21.8231, 6.83428, 63.2677
1256619600, 8.09055, 21.4043, 6.84514, 63.66
1256706000, 7.87401, 21.0676, 6.78098, 64.2774
1256792400, 8.09706, 21.3144, 6.86661, 63.722
1256878800, 7.82786, 20.7596, 6.76456, 64.648
1257138000, 7.8386, 20.815, 6.80316, 64.5432
1257224400, 7.8811, 20.7529, 6.8245, 64.5415
1257310800, 7.77276, 20.9485, 6.83205, 64.4466
1257397200, 7.89962, 21.1628, 6.91224, 64.0253
1257483600, 7.82753, 21.2013, 6.93187, 64.0393
1257742800, 7.9541, 21.7275, 7.00895, 63.3095
1257829200, 7.93849, 21.8559, 6.99885, 63.2067
1257915600, 8.07135, 21.838, 7.01952, 63.0711
1258002000, 8.03141, 21.761, 6.96683, 63.2407
1258088400, 7.93613, 21.9765, 6.98879, 63.0986
1258347600, 7.92977, 22.1317, 7.06488, 62.8737
1258434000, 7.8992, 22.1671, 7.07181, 62.8618
1258520400, 7.92073, 22.0784, 7.07461, 62.9263
1258606800, 7.80552, 21.6803, 7.04289, 63.4713
1258693200, 7.69479, 21.6634, 7.03308, 63.6088
1258952400, 7.72114, 22.1266, 7.06413, 63.0882
1259038800, 7.69617, 22.0121, 7.08793, 63.2038
1259125200, 7.60449, 22.0075, 7.12006, 63.268
1259298000, 7.44365, 21.7758, 7.05501, 63.7255
1259557200, 7.67773, 21.6588, 7.06474, 63.5987
1259643600, 7.61045, 21.4095, 7.17531, 63.8048
1259730000, 7.57609, 21.3563, 7.18126, 63.8864
1259816400, 7.47899, 21.4127, 7.13482, 63.9735
1259902800, 7.62577, 21.1041, 7.18775, 64.0823
1260162000, 7.51952, 20.7605, 7.22316, 64.4968
1260248400, 7.43258, 20.8765, 7.1481, 64.5429
1260334800, 7.55993, 21.5096, 7.09608, 63.8344
1260421200, 7.58036, 21.3811, 7.14291, 63.8956
1260507600, 7.56187, 21.2308, 7.18723, 64.02
1260766800, 7.54337, 21.4173, 7.21434, 63.825
1260853200, 7.4273, 21.2161, 7.21629, 64.1403
1260939600, 7.51438, 21.2659, 7.21233, 64.0074
1261026000, 7.37499, 21.0502, 7.16992, 64.4049
1261112400, 7.44156, 21.3358, 7.13639, 64.0863
1261371600, 7.50848, 21.5378, 7.17438, 63.7793
1261458000, 7.45361, 21.7218, 7.18445, 63.6402
1261544400, 7.39793, 21.8756, 7.18718, 63.5392
1261630800, 7.35442, 22.4471, 7.16385, 63.0346
1261976400, 7.32436, 22.6592, 7.15896, 62.8574
1262062800, 7.35981, 22.4495, 7.16764, 63.0231
1262149200, 7.44677, 22.6348, 7.13755, 62.7808
